-1.62532752970244	-2.49760490902020
-2.51469732301612	-2.23069034741972
-1.62990971457292	-1.83112049858554
-2.33498662575517	-2.91160176046073
-2.13462081601673	-1.36142556122979
-2.05399069672509	-2.36596789925480
-1.43723735370409	2.28277860519915
-2.38424556894605	2.27371627746137
-2.82237653066096	2.26529481243494
-2.21684268058977	2.30438347698665
-2.20757407045855	1.93758531383064
-1.62152312832107	1.62119681124538
2.21987571457143	1.54505598705449
2.79801089767577	2.09953030833162
2.02272341625710	1.93923061493059
2.01927261058512	1.93751315003473
2.26840176275122	2.41679494083875
1.96399471261798	2.14219420519380
1.40246204449729	-1.95174767045555
1.58505788024808	-1.60649360219374
2.07948898169615	-1.51516760669984
1.83156171158101	-1.86809085868713
1.89815956459350	-2.33542311628747
1.55698743741185	-1.97677359481792
0.762582142188255	0.111632265554493
3.11627063098285	0.169448824117557
2.19020116658259	0.847886267539930
1.96077823402288	0.322902992919742
2.23603886538709	-0.352277437075143
1.47052216244164	0.000107949916500367
0.0746853124383437	2.59694413908186
0.109970259096506	1.77953917278808
0.364225390156958	2.90241982435069
0.0761602254899485	2.19336919325742
-0.325839959176022	1.67975183670482
0.409562005691163	1.19579463789976
-1.52645541402740	0.533288999107916
-1.27798352223340	-0.314894391795707
-3.16673003878824	0.180291946299772
-1.83853992065360	-0.221668391571318
-1.30637403843694	-0.0898318212020336
-1.57595997863600	0.00673791100184912
0.300810558010304	-1.81789835542388
0.302609982891796	-1.40914423248094
0.190458592287012	-1.38559622027073
0.202036637046381	-2.79162710747654
-0.180947388234259	-1.78608655596398
0.0221684905781201	-2.15112830871777
-0.315597990830392	-0.0678463911923935
-0.196650641794852	-0.0201788966716709
-0.363097287327649	-0.0373353101070424
-0.168845766242666	-0.00467571504342444
