-0.0457224104318701	-1.34587542507215
-0.00452461228794054	-2.91279706413046
0.261603853924329	-1.59440428278701
0.0555059176476939	0.391697050899131
0.864593291300577	-0.387326361724776
0.577373516022478	-0.481838638148538
2.59786250637483	0.430524054690057
0.618943852689886	0.105895633234596
1.23481354360408	0.856531423734179
0.690660422329681	-0.899285518214386
1.34092959437251	-1.40673525332736
1.54859103763171	-0.401147449775773
-0.0159658712317494	-1.15192597189899
-0.633518142545554	-1.44682713430793
-0.810352394829464	0.438411211994338
0.965096144834446	-2.03569572025988
1.67576300826620	0.256849092168808
0.109134685050754	-1.16657612769301
-0.891335740488353	-0.918078347643706
3.21751057039385	-0.0144352300417208
0.0618604320233750	-2.94738461405269
-0.543567480903133	-2.14286356622803
1.15961572801912	-0.732078279662814
0.631162069108235	-1.53803759210167
-0.0121612623799621	-0.0744119873904111
1.11339814014654	-1.34938650824351
1.88498286712289	-2.00973827007252
0.417683428732338	-1.41914088225748
0.282447776705870	-1.14209513702750
0.326747691975716	0.180487669628246
0.680308707949399	-0.607180815308269
2.60650666380535	-0.148349232609145
2.06129686039001	-3.00343332091890
1.30054866687675	-2.18413376270771
1.35112639670731	-3.74111769499608
1.95221580367184	-1.49558471049262
0.367134980933569	0.452671332859481
0.141271310712144	-0.699921971092532
2.74610825134717	-1.42925210163851
0.443885748302224	-4.58506374605028
0.975738738703504	-0.395151640361408
1.91700703544104	-0.0920021010413277
0.498520532564089	1.81108698732392
0.748712733508819	0.239842768850851
2.67280194942824	-1.13641419246178
-0.364407814112935	0.755766340463212
0.664934697249091	-2.37922390443559
2.29459997199364	-2.45018711802867
1.48114137510370	-0.971525358668211
0.747992354659992	-0.619751510669821
2.01117376077004	-0.984605820341093
1.27881732954142	-1.94654570379638
3.61142394670582	-1.93936084284484
1.28788283145343	-0.437574364467217
2.09556275749532	-2.26321885432266
1.26892132304680	-1.24314080092749
0.137265953231075	-2.60006667957638
-0.101806336756571	-0.574178411494339
1.36957429607378	-2.23183705655162
-0.594510002117734	0.156783027512928
0.123886569660656	-1.67031001358650
0.486387713318655	-0.663680319669918
0.310190475424835	-2.24977689230279
1.83152517721519	-1.40710813666696
-0.422392198331962	-1.67313831962356
2.12910867619644	0.546738446218645
-0.311291794167432	-0.802116048989319
0.504241503399848	-2.18547787585585
0.929617876710328	-0.775822763808924
0.703343525783607	-1.32239868274852
-0.811595284104234	-2.15257779615774
2.30337299654929	0.0410611664851628
0.771064727084365	-1.22801651497357
1.78789152256698	0.448174830607280
1.36832446428782	-1.25524301311546
0.458577660761039	-0.291765542070352
0.280911667287682	-1.98987456356603
1.34836244793269	-0.565404800009361
0.499552094573889	-0.782338982497635
1.72444826368494	1.33781888485722
1.57743404038973	-2.79365269099989
-0.331503119308167	-1.26661322804170
-0.965991245332305	-2.31949778771179
1.70475790749290	1.05834948690724
0.793665450395749	-0.497453749277624
1.37872180516393	-2.75407056061047
0.682028007634122	-1.16802808043274
0.392238056207500	-0.210143878149351
-0.195338099920334	-2.30586517462988
0.276611304660999	-1.80854248027751
0.930472111618050	0.115747604917113
2.10389196679212	-2.71287046736133
2.47317732916007	-1.56833730534046
0.0694719283125014	0.912715767804582
0.528655185370252	0.447160491206506
-0.454643696084693	-1.85451545754856
1.59853427996571	0.252824464931106
0.648135423310043	-1.20634908639729
2.15106306868168	-1.62986533533473
1.39839745962610	-2.39763349846860
1.32599362440227	-0.435026755142381
0.771432330512555	-0.129602393564525
-0.272264214657012	-1.53083354025301
2.59061943048346	-0.982768237030378
1.28153784723345	-1.13862608275805
2.48047662313639	-0.678453130774730
0.263440366591717	0.376921221915164
1.67764188784911	-0.0831249270648915
1.49892153294512	1.61887068760496
0.572213025737344	0.440613950171844
3.02943224947806	-1.33679887782908
-0.148042900378421	-0.792424717335477
2.05716524031597	-1.25039870934479
1.42538468332186	0.192343075159826
0.434102800410160	-0.790694074702778
-0.456260253450635	0.626148181719778
1.84271705914285	1.40659971445487
-1.00130138710042	0.121621517292026
1.26177517656400	-0.583645334776348
0.970735315402391	-0.172144978633499
1.80526393755812	-1.72111841193342
0.989403256315208	-0.573450115323679
-0.0591619431379764	-1.04294636709852
1.12009932061621	-1.87870818860386
0.0196483976649721	-2.31551823330440
2.36058848443772	-1.22834999856417
0.856818409655085	0.428727345014098
0.191580432002833	-1.81208796368579
1.31756048302337	-2.01184747195165
1.00072386626307	-2.08151033551801
-0.173088022534998	-1.58280867919927
1.79022566915256	0.385961427397230
2.75099349858002	-0.487881431857836
1.44961329639180	-0.237185757169355
2.33477586931686	-2.06715580483127
0.434819299337564	-1.36721641994738
-0.508841358035281	-0.745254926330207
1.85033859801021	-1.09697922771208
0.250253600076261	-0.566865255137141
1.82622523737395	0.197152896798346
0.941994335506386	0.156570650054956
1.19985972128040	1.09998594658377
1.65984998552125	-1.12080438751692
0.365337020244240	-0.325717778554346
1.88433473917570	0.170642556606827
3.40421350147208	-0.719208686357225
1.16884663740230	-0.805808704082917
0.823508068010442	-0.186725949294678
0.531851746558858	-1.99433135121329
0.0747438612743346	-1.95653492885244
-1.67033769556031	-1.79933708451444
1.10385103206954	-2.49076527416241
1.65111132316166	-0.651225774306927
0.973958878654132	-0.804081423674309
1.35195492204647	-0.578650764701238
-0.837624627301866	0.371046354527280
-0.563057586738947	-0.736688180740043
1.38631368986196	-1.08340285015822
-1.04503524802869	-0.820335953846228
2.16437319684355	-0.00127440805382362
1.65234180866432	0.106111163925392
0.939669030041764	0.678082652422935
-0.210179747096508	-0.0296033202991547
1.21020774464023	0.505704662282246
0.918458123346803	-1.47153360906812
0.854397536931806	0.409512831330885
0.710067483209778	-1.62261096274974
0.619028123530015	0.440098338338069
1.56588699005548	0.262602942110544
0.551733477863470	-1.35601677966030
1.65566516020951	-2.04421924079772
1.60151434170361	-1.65779281761270
2.10078182323289	-1.26029330402780
1.48783782617594	-0.553031460250135
2.76978223837606	-1.73189578205592
0.973619514112651	0.498403977753396
1.95622558866662	-1.73834187219190
-0.359783811506041	-1.14844881769192
0.903096855835342	0.175261738873092
-0.536979016195843	-0.388662068343476
0.924346346681347	0.589023124059931
1.19664686640856	-2.75339723711437
1.40968710581627	-0.743077022465062
0.875762752471488	-0.695449529124706
3.19838094319633	0.201796972463752
1.01126165748004	-0.243429079299883
1.57879683652703	-1.39279302647011
2.02615280908085	-0.378339173874692
2.47488902628410	0.658655951898649
-0.149343233853863	0.978214557863792
0.372807600235485	-1.03733623794724
-0.263974193158233	-0.673210632047261
-0.487056470698879	0.832504499132254
2.04370289727934	-2.36056961036106
0.895249347638316	-0.852016517008749
1.22327208173432	-0.747677312200656
1.52948902885657	0.536282293407890
4.06237536510531	-1.32425649890315
2.21200353327181	-1.43392043406693
1.76309236799475	-1.10781227064817
0.998964845927509	-1.41747146735497
1.52806592875584	0.0374378496111836
0.813647593252678	-0.952391309073346
2.37547933309957	-3.22393038831348
1.73502425060518	-2.53008498606334
1.34290523337320	-2.36626901922597
1.06608280263865	-1.58379221874811
1.51736596626416	-2.03584572948351
1.05889510597734	-2.26660849820601
-0.0159795477410472	-1.05900671085736
1.04882470702682	-2.85958006907135
-1.47657487083317	-0.314074718617392
0.705505016118451	-0.772883053777766
0.503555527866908	-2.05502507758893
1.57628063842688	-0.759303092317952
0.228291059754094	-0.342539111208352
1.20955022365168	-2.11962987851799
0.324488064413709	-1.50558671815795
1.08465479707597	-1.23664350502273
1.36078941728422	-1.09063667666041
0.520090452151354	-1.61335012858915
-0.529868339696549	-1.73534865542068
2.34840907825548	-3.04509575619756
1.27211326948534	-0.887960918259473
0.124345080120870	-1.42812670472525
0.878134769489487	-1.29303468895544
1.81540912760105	-2.96786656588886
0.110734052964040	-1.38002133235710
0.570909246288787	0.670856327937849
1.28748054809288	-2.16552435264078
0.335463920227345	0.0142134315759266
2.80671721639660	-3.22060226646676
0.313998318635392	-0.288402219072764
1.17360635961697	0.413295297739312
0.810265943130957	-1.70094099499419
-0.916230606299476	-0.494847608746740
1.60557430992178	-0.753372455090857
1.40149483717166	1.50636590293792
1.60884766130692	0.489073785259961
-0.571673075827539	-2.08313451777133
0.622643596087275	-1.38880201633677
2.40353915886702	-0.708639746536545
1.52553102985726	-0.935609675624053
1.16302453342781	-2.87646503359051
-1.18264936995500	-0.292451314118990
2.12806971832482	0.165758483160921
0.770009507131653	0.472721215561977
1.50203799249945	-0.465919310210456
1.37391369797308	-1.59517437779246
1.40822322920779	-0.104663772284964
0.478707256695510	-1.05302403690789
0.541739362616306	-1.27592928920682
1.58611533762573	-2.41927457338957
1.91730494875891	-1.16016296240838
0.954195011457644	-0.372685114712324
0.698017240343094	-1.31100396555960
1.42401113717099	-1.01965783904518
0.439314057915458	-2.31609732779143
1.63744000324895	-2.02941564509392
1.85623091285961	-0.249305058268033
0.783258897528096	-0.770411335828153
0.313684845528511	-0.363674931618356
1.26626953323380	-0.564752455914773
0.878060641523667	-0.953979854786424
0.439454282866078	-1.62360433399358
0.00508012167860394	-1.28953855338229
1.36111060699919	0.227401314782455
-0.355221132702509	-3.62733481183731
3.44643508856847	-0.604381252438430
-0.237384248772276	-2.27821832147036
0.978521969123962	-0.744420746405647
-0.351874361136016	-0.452532086423669
0.0970202422951421	-1.17291381253856
-1.08042010420500	-2.27122877463539
1.77021324498789	0.0405054212473128
2.57318105270477	0.291726521299607
0.820998870212805	-0.346872801970475
1.02118891412495	-1.34971803962373
0.861791491201684	-0.931197454547514
0.0241709739220589	-1.02708523121538
1.22258883433924	-0.753951753305874
0.750115367170574	-1.32526621405586
2.16689892665796	-2.13222424898590
0.702105282452349	-3.65116721313653
-1.51461838791833	-2.42722159418682
0.809351301059215	-0.186252434801763
1.06792935591029	0.876305570864612
1.84729524696427	-0.147139677770102
1.45788273693215	-0.608033744399548
-1.05214863382311	-0.739731306057177
1.88224949029904	-1.24314525172730
0.190283741834787	-2.70144354865267
0.0235372650067366	-2.12654826137047
-0.0370657014031326	-0.0943519343312917
2.23283572719007	-1.32342846448199
0.0541759625668430	-0.168860436708101
1.76662287062048	-2.01160022616042
-1.52664197080509	-1.71975270779047
-0.524210203749490	-1.74514150771274
-0.304517935781608	0.378378706977037
0.883535540530557	-2.35488488728449
-0.175512473997543	-1.04746628672750
2.59407938833872	-2.33949286918030
1.37948113094521	-0.957353692929450
1.38888295856673	-0.997885709520177
0.947048435290206	-0.874865926189259
1.23999012290797	-2.20172476092899
-0.181012687070068	-1.44294430629083
2.41915928229958	-0.823434331604836
-0.324259419941330	-0.433853684014666
0.841920878079869	0.636047872235046
1.10965346331652	-0.399506251088958
-0.125635940556045	-2.33431214877974
-0.724264904278343	-2.11111544714236
1.22231194909613	0.459461666942215
0.773462854390434	-2.70139048396730
1.76670111832363	-2.69385309565691
2.11242123334709	-1.59260701164242
0.165062299297244	-0.184582186923488
3.09661143327633	-1.88627049461598
0.758406681450413	-2.43240180142605
1.24746577619846	-1.37881061923714
2.07761177489079	-0.139404348026573
2.42186500754194	-2.83075679102167
-0.208393666242135	-0.498007322069140
1.04418854078477	-2.44175806708852
-0.513676068993089	0.247910202220237
2.59543887699483	-1.97501427451808
0.644878472432287	-1.84548569409698
2.64540751152557	-0.601029174729309
0.986777439807155	-1.46984074465353
-0.507951779931454	-0.0976015140465585
1.18665022244747	-0.345381535929713
-1.85693907944155	0.750822197385398
1.27937266400962	-1.15454691557616
0.715088762279970	-2.44779832684436
2.03929081301949	0.738407228227289
-0.772485006296218	-1.45455398565982
1.05875812655139	-1.57788039722913
1.67341515801800	-0.443077550227684
0.0782692032661556	1.17432217966634
0.335148072179636	1.11300552107545
0.748359891119337	-1.82542238656028
1.55650349292067	-2.07754702168071
0.607054749380980	-2.24152440007252
-0.0394934644125713	-0.140932796757084
1.08489528408956	-2.49256280174063
0.674664788414089	-2.12764041155838
-0.117587626857241	-1.07926663462651
0.897854863608374	-0.537712135996310
0.918855367037378	-2.00431148166606
1.36150304144075	-1.84671172736765
0.977157067761041	-1.14600017446321
0.883020755988879	-1.11124475636496
4.74761250298453	-1.36277157941655
2.05321618902598	0.536984220570025
0.147978809859731	-0.970202065597003
1.97773291614036	-0.489490622886018
1.13311768911256	-0.636790917594160
-0.330374738321361	-1.39622325920327
0.508511596934793	-2.61224799339179
0.772213285437117	-0.421569797148543
1.88258346077290	-2.74683927288514
0.372653647955601	-0.668689419183671
2.03148177653817	-0.321491424598778
0.457705233224365	-0.151919269031009
1.00141142574529	-1.11491254209780
0.480678663010481	-1.08661511707265
0.993211698714781	0.862858125265624
1.37395017154447	-1.56534085174505
0.859788030242798	0.985180143378439
0.748052515118882	-1.65414874984272
1.87941150622939	0.222809477130699
0.251350773940718	-0.662280424783166
0.755651600199864	-1.98745845866518
0.367991131074561	-3.52154274604494
0.299566438454064	-1.10190354949250
0.608419467898461	-0.0880887761466181
0.553980229185471	-1.48215781122287
1.95073501301889	-1.06816600310993
1.72449389671722	-1.10069561204675
1.22876884684669	-1.96534961847413
1.71179498439473	-0.198249337167934
1.72166130476120	-0.269326436191383
0.641171837201747	-1.34638489400693
2.23576794001243	-2.31397724882423
0.633008564028961	-0.133024451976874
0.930738592834042	-0.138633501241925
2.10962272395172	-1.36031766405606
-0.145799356534374	-2.37885331202550
1.59723611356062	-1.26021554558744
0.646475221360473	-2.04581331431095
-0.484870233887863	-1.73538545251026
3.29074665590595	-0.0605447981217326
1.14890607936624	-0.133929052729254
0.241481095716265	-0.990011703313484
-0.542436508384278	-0.692162141404321
1.10444710319867	-0.805732603911147
2.51543519880783	-1.77751882478406
1.73898119631576	-0.960673295949013
-0.178575996927838	-1.49143700919416
1.31825227551174	-0.424634116573444
0.189590542529593	-0.256096492040304
1.45958404519950	-1.41724295614262
0.736463608872634	-1.17411428271412
2.02926805844793	-1.10160113092650
0.964916182914086	-0.995446771883048
1.52443744135454	-1.12760029475907
-0.426533878611060	0.337509036522935
2.15843675044809	-1.37367681162133
1.47173111389427	0.488954788864234
0.313484374130374	-0.752486334070739
1.76435991675622	-0.794951830229155
0.0395238375937101	-0.476916228641210
1.52291761875640	0.437112558144190
0.439204933702417	-1.67878212048289
0.706087071955022	-1.25094341579851
-0.303274927444656	0.450745654442913
1.67092763592334	-1.03881581758648
1.73814716043455	-2.04840284125962
1.07093564903501	-0.760108788902330
1.18917173337797	0.449382548820477
0.700380125063421	-0.237930809391789
1.27935001987625	-0.487092847238677
0.112915236322686	-1.08931458322451
-0.249076073644119	-0.314993502731645
2.13401245430102	-0.481066073309821
0.519705319511285	-1.49788142865285
1.94575086441581	-0.736754223232814
1.76856867532901	-2.11150002948597
0.926146564664900	-0.957103926840399
2.46296131890278	-0.490357183353198
1.14075848008068	-0.437293330537539
0.630102957258861	-1.01327617559729
1.52977904269134	-1.59307259585534
2.13340304296875	-0.845821834970570
0.184721711995044	-1.34288944498908
1.23935033828706	-1.47851825104031
-0.384277398666246	-0.404483769446675
0.213757922525915	-1.08620881493402
0.565930371146716	-1.92239115574675
-0.478252841358232	0.529529824463475
1.91743530480461	-1.00313187670056
-0.897482871485892	-1.21412415341951
1.27830620900903	-3.45317970253559
-0.554110350901212	-2.09377218203253
1.88693588813330	-0.220251942915668
0.883539125326529	-1.92227370862310
2.13115780612392	-0.938293726415303
0.0757200706156967	0.738358193377957
2.41751516374194	-1.29077379001756
0.574443976067967	-0.683807754748552
1.89830520471142	-1.55084217677876
2.00868121188947	1.13462276117144
1.42337033047727	-0.455375304673455
1.73033111869752	-1.15105721509655
0.908669632328342	1.37261462264117
1.76677259694509	-1.51759022563557
-0.469574786787853	-0.593077665147659
0.464037135484704	-1.38216413589417
1.23095545864712	-0.181271625989721
3.48588165596409	-1.42077178742845
-0.559546312722562	-1.40312278382926
3.07517501117915	-0.853251507744620
0.978770085971273	-0.570753227583195
1.89255106543760	-0.293095658071427
1.13514453656472	-2.01020151339833
2.68655914983070	-0.697961332671768
0.723584587923892	-1.26444062522518
0.959673463796931	-0.689070623293933
0.838678721220460	-0.759565788509663
1.57824962271641	-0.643887426747397
0.112973638841731	-1.89864365428300
1.26081174275739	-2.49960885779718
0.118302780991950	-1.37320075076299
0.597274607548733	-1.22526961946992
0.853813126966628	-0.467961429158511
1.40509171602211	-2.33170373849297
1.27848052359413	-0.195322942910973
2.44739631441737	-1.75251224272906
0.416026426771535	0.258642158659262
0.190801616737131	-1.71173903940796
0.841159339989517	-1.73264199393467
0.297490388138036	-1.67841900583996
1.10274405935785	-1.25620829843241
0.110869433462013	-1.61748829923194
-1.31037552113251	-1.96624775997142
0.0278021423471475	-1.75604492055434
0.980969883837421	-1.99387734487014
2.33890616856444	-2.61853384113104
1.01768978184577	-1.92628991985994
0.287290341522996	1.50047802492290
1.92453853498764	-0.486025724354555
1.30273431470876	-1.01027375837062
4.00377808842195	-1.89163336418370
0.460336559891560	-0.959210511710039
0.0187003783405206	-3.08576353928236
-0.969977494882760	-2.23019949621262
0.203415352430650	-0.811886072263708
1.75535246820381	-3.90289075684327
-1.90265296373283	-0.660142033426657
-1.07901244991268	1.41755849586634
-1.79442407416527	1.43904193004168
-0.553096426504748	2.34818655840248
-1.52346253714874	1.47380700801424
-1.32063972858335	0.695413778632620
-2.52288239426632	1.29553418098985
-2.11053261863757	0.206975011234323
1.73396069475272	2.55945367889173
0.845471126388504	3.63884469537788
-1.38436927298274	-0.318592082526746
-0.496122788164139	2.14488760388017
-1.80478425288911	1.44930864989618
-1.79283022020337	2.16347610177292
-1.55805296425426	-0.0853290571201042
-0.0632510458037769	2.95387988799751
-1.16341339578713	1.23715115783641
-1.51543523086728	1.17004481169337
0.381865178935894	1.19627701442176
-1.36988886820243	0.746677408593895
-0.907747841539770	1.40353196303307
-1.92112997259816	3.04675341879700
0.125029383487327	-0.0552080819550371
-0.445208315278926	-0.437448067884070
0.0253906424701413	2.10414564106866
-0.689393548727213	-0.356133569874949
-0.400677577208273	1.35104248106249
-0.952486767221137	-0.951113329566875
-0.802444642105296	1.57523466466468
-0.183233403792750	-0.556896541319691
-1.15011100192948	0.374517759704390
-1.39003908277231	1.80998473018909
0.393718698537500	-0.00407887182025069
-2.59475807022177	-0.122007568055823
-1.06205883483310	1.20454179547152
-0.104480992488622	1.88118690900039
0.325761829773147	1.57046112030933
-0.0924884789450371	-0.394992838385245
-0.219715826227921	1.44695220757979
-1.57952378612060	0.811613502121154
-0.877968657957098	-0.0274506300199073
0.344139196984107	0.760217427843301
-1.70232792810555	0.648366811432024
0.605363284080255	-0.0924460294664546
-0.108911957292809	-0.170878371205966
-0.544965361713248	0.403667167442689
0.0562159424402395	1.57226329049396
0.265455264434358	0.107310589637406
-1.07753172956760	0.766361991320203
-0.846667356224414	0.563749548644249
-1.75087261845517	0.220024048282338
-1.23573466817045	-0.133108977659195
-0.540484731874139	1.96926409502695
-1.93807997430762	0.997390572195419
-1.62162284466604	2.80513529117669
-2.61824236074884	1.34018539991711
-2.95174986733973	1.28210938205259
0.0265075121414335	2.46324204346698
-1.71576207473186	1.17857545420192
-3.00246723115135	1.56426062531587
-0.0659951831101228	0.820599658381748
0.0692006070757660	0.130977242446575
-0.517378274903106	0.548348164812453
-1.54191308099306	1.07584064095086
-1.42564863930960	0.647380653257179
-0.398826035527770	0.584930699984846
-1.15912495163628	2.79515769201089
-0.681982379443941	1.70452845015552
-0.270609768370838	0.653710625536153
-0.674379910174376	-0.589870523709428
0.683927753987859	0.877060163754676
-0.623274110075133	2.21585526085948
-2.36148748494717	2.13205192056732
-1.10755827341482	0.436347069774335
-1.69064371613916	2.06388979329439
-1.05062716615335	1.12779433346049
-1.89310386748357	0.531356667477337
-1.00531039248666	1.49497590883189
-0.780344811739772	0.117778448691619
-0.346505957948021	1.10062213767452
-1.22942821681585	1.20832424915104
-1.25845771370945	3.07671030791472
-0.590241170640191	1.47161407118593
0.596965476267621	0.324351849786677
-0.948040041443887	2.60092051609818
0.723320208254319	0.135579687700486
-1.50666053729555	-0.261602835266867
0.205395495049316	2.39057848876234
0.764344470686230	0.748873164109092
0.257050149960494	-0.532035905941036
-0.922303732034634	1.48701611970589
-0.844161467749431	0.745382874804397
-1.33283227837909	1.97493560146457
-1.15551600042047	1.85332818708904
0.624752911421954	1.16239388505194
-0.654815302763311	2.01273970174638
-2.01978811798227	1.07463587930998
-0.497391974908835	0.634563274330638
-0.752272437177198	2.64915170667295
-0.858002472267531	-0.467469682646318
-1.04724073011663	1.14762865689158
-0.180753001438895	1.27839588309246
-0.406456470452631	1.02300349217819
-1.63790699963130	1.65728940091047
-1.05765902520865	1.18518848404391
-0.800007250029522	0.635827455519815
-1.61051880318460	-0.904449926584999
-1.63283492634010	1.19455027984522
-0.509684644020668	1.28298534255173
-1.89356192701110	1.64407895221477
0.193341587203136	2.48012338940512
1.85064057542256	0.0784789776832950
-1.80395012314593	0.789807444425042
-0.614479272825150	1.19830038842018
1.03077506084573	2.13847138173086
-1.75807930535185	0.337731374142182
-1.86958278594891	-0.134308986113182
-0.717124902952508	1.74590817778892
-1.57812781253811	0.546343015223927
-0.359174657338333	2.13114973031774
-2.03706921330476	1.41914010010961
-1.81210420557684	0.143132687130573
-1.10093645385923	1.64213392323836
0.915825880336878	0.530978794218506
0.138579743047803	0.979571806236979
-0.177173063161440	0.0276688570696331
1.25596920758202	1.31909282042706
-0.692746819349793	0.932315154688479
-1.30022666113491	0.175824652254303
-0.500977494762917	0.998879243814701
-1.36288501209875	-0.273661198370705
-1.11193622752836	0.847749697253921
-0.476730225712404	0.737928463025947
-0.215845345121047	0.531427042312004
-1.30912436536087	1.03806678408253
-1.03746529234900	0.0650106028636933
0.557838428085684	-0.404881070823115
-0.571448910468209	0.429579035086888
-1.49097760196670	-0.138302534694254
-0.990828724313855	-0.665011823894101
-0.357863842780522	0.320341626573676
-0.535055558532736	1.17423368111375
-2.40320395990138	-1.16008705359458
1.76507150003531	0.277064768339917
-1.06840976104476	0.306594910321555
-0.155363328650567	2.13674285705753
0.0101837369026179	-0.368586257707211
-1.33877629731562	0.760538997076138
-2.32012896852531	0.522652316990721
-1.80677338907131	0.893577813397664
-0.701205048070148	-0.575518958624844
-1.53245605040168	3.50925548054022
0.519137030228615	2.91122111602431
-1.20670265443875	1.26891912105993
0.0138761544216848	2.48559871752070
-1.65606348787273	1.91620904388444
-1.91122260634398	1.28428996497954
-1.54055326050479	1.35312253383770
-0.871323349399897	1.19622804975133
-1.32706381163995	0.282614245808311
-0.448507969630615	2.11191524899405
-0.356264863962360	1.84664875466711
-1.58843257770123	0.692941064164162
-1.55873336315376	1.37267135041282
-1.32486386548477	1.84612120331201
-0.995880285323081	2.74501358844853
-0.519738708313740	1.18967293402183
-1.03034245909530	-0.801727041428866
-1.46394406542428	1.04076934423507
-1.66326416376266	2.10299861583394
-2.81384335015351	0.304108125696459
-1.00023190681745	1.16980355980265
-1.64566068052665	-0.118837865703723
-0.884118281001480	-0.817811868629448
-0.191818876017067	0.239508297373403
-1.07267191091072	0.805282635884131
-3.28287022312273	-0.876017727142260
-0.352305032817744	0.601494731785092
-3.45374367831634	0.961517063412347
-1.62078323025774	3.03656207963836
-2.47035361828443	1.73238680150865
0.335628146795824	0.587978384174527
-1.21564622986069	-0.790644863511350
-0.915643862867820	1.66350806479580
0.576658117279185	0.112415244706233
-0.125076886643648	0.0408625766202533
0.0190036022030200	0.919512436613724
-0.961586377568638	0.248619036875878
-0.452320810158705	2.19653128811113
-0.884531334087144	0.965219361887020
0.222514341732482	0.210308054460586
-1.76328883786295	1.91692676593407
1.05675553274424	1.46273159175029
-0.589652737920932	2.60352749987036
-0.470899925475428	0.495422858280265
-1.19776850431591	1.30344258346062
-0.181689053337894	0.648495290847023
-0.874532125108209	2.69652044885198
0.103587580018356	0.909447544780055
-1.10578539625541	1.16518829389554
-1.38944512807033	2.35205990217127
-1.43762519604316	1.50093660006188
-0.213186578184636	-0.000979536998362507
-1.59856542516131	-0.0252179892170130
-0.770911280634557	1.46783583241037
-2.58670647645500	0.672418256378471
-2.29803341987651	0.295681725254467
-0.898495178882948	0.188744998953443
-1.57439064078827	0.381532151428234
-0.608244766399946	0.969110975677744
-1.64063853646876	1.20687208731840
0.505620115015009	-0.535901770492437
0.0760526283120306	1.15600417121339
0.932920571976449	0.182291262438450
0.160057465427021	-0.925498901565024
0.322839864251561	0.595235031653468
0.862897172472886	1.32876509578494
-1.64030599913036	1.81666796536202
1.22838127123511	0.583665748191512
-0.661217315771309	1.95818311736271
0.503209143129412	0.501435235837820
-0.750758874943993	0.578972942025154
-1.41642944324156	0.507719465917468
-1.73418274048769	-0.624551229238979
-1.12551474642058	0.0357890259654938
-1.65364747302499	0.838262555168853
-1.14658600405188	0.574690888093936
-0.517175862145225	1.77577887148012
-0.231265063714191	0.846576227560768
0.650604798152807	1.44620742890642
-1.09982024622485	1.35377303372207
-2.43425093145133	0.596006107310637
-0.196671709627441	0.551509818536573
-0.976265616529965	0.0201256096439451
-2.23902824696300	0.320718000066844
-1.97240799463508	1.04527861727062
-0.414878045174372	1.18019515782685
-2.14008848975400	-0.677302070156173
-1.38467657604558	0.415519866659459
-1.44744949225151	0.360747857599140
-2.20061928448683	0.766034897730756
-3.54897160398975	-1.40266154461625
-1.15062392627749	1.48131197594560
-0.852322957154503	-0.502915249276790
-1.36192207570202	-0.964639551368675
-1.09258728427969	1.70926157297554
2.23480291058169	0.366591613429745
-1.26567384547272	1.31105613676558
-0.132474268653846	0.721608685156627
0.437186194709222	1.79821891264425
-0.254135056345693	0.129431199234230
-1.82181385277743	-0.275276548812243
0.611786439845617	1.59212981373950
-0.859910643609884	1.04794561622435
-2.03614467139634	0.347631879281197
-0.546729773066071	1.20963691743438
-1.39805750737019	1.53037256674786
-0.778994051991180	1.24543303754767
-1.91955286865037	-0.225530820350266
-0.142274439869516	-0.311144900080671
-3.02456060148175	0.0396962818379486
-0.550241457650554	1.26146875499732
-0.632427847489575	0.353460190489659
-3.57064377701331	1.45671232584960
-0.395219267414479	1.08985387872230
-0.0837189194099308	0.682409685151740
-2.45812185788109	2.15949567361914
-0.915782996777185	2.05785392255010
-0.408638666186521	1.44957676313576
-0.995994845094302	0.931323019503299
-1.50954885568686	2.21442609215522
-3.25395625629647	0.410156261019194
-0.771165999533457	-0.815831652683580
-0.583276266930550	1.39386122593902
-1.73241708618660	0.531309744670349
-1.61211233787126	1.51547534398666
-1.95634785473842	0.115847244396314
-1.31392451930571	0.456410135252966
-0.504251135045247	1.24213199541012
-0.859976708091003	1.23972375106225
-1.54339849603531	0.389146962529691
-0.157453527089573	0.990506700031540
-1.14858331324417	1.27281544854618
-2.17644987138514	2.64754983811472
-1.68742450239686	-0.423587099543329
-0.695993100471679	-0.842733371686828
-0.588979771441128	1.11598814004201
-0.564222419889679	1.36308264886716
-1.59106295129041	1.11224700589452
-0.0148477452324218	0.363291126831091
-1.89224801777230	0.466818863094273
-2.86200129245136	-0.768702662155632
-0.749089202946792	2.08157496703412
-1.01686315786021	1.68202768212229
-0.881156480545703	1.34393042271435
-1.36528504579135	0.848808724920472
-1.01781291982956	2.06557115629209
-1.19292557438040	0.203477661262093
-1.56021219483770	1.85571288133998
-0.0522984038784271	2.32257342473838
-0.811730573867533	4.06154888343510
-0.334251328301369	0.406909544314422
-0.849590884937267	0.940501357971347
-1.63351853401444	1.61903938532956
-2.40312833592395	1.43187082924562
-0.0939924017078400	2.75470752536229
-1.48557774499455	-0.961838996404693
0.857975878641372	1.74473640497449
-2.79513364322531	1.94596580150566
-2.10100421877901	2.87102833630694
-1.77348324381346	2.30294030206321
-1.98312511378505	0.0459956952153211
-0.807258540542272	0.222693700647638
-0.275225359226920	0.0859577531401465
1.09649620021554	1.18522809266076
-2.96599732157919	0.584534770796822
-1.19814516651758	0.523999885786662
0.842050142253985	-1.18045154993122
-2.60557509197889	1.52156190498639
-1.86143502025437	2.16977482149367
-2.22349574779161	2.90994518359196
-0.178092199538596	1.71088445314492
-0.685663969553379	1.74403348321895
-1.82370905101501	0.580175697392108
-1.12935580828795	0.419310663291992
-0.0406252443918801	1.83131740571692
0.130838065825651	1.08551943034484
-0.604297653484730	0.741267685421310
-0.134898690378492	1.47210212337080
0.329366438579438	0.0636052267199410
-0.0480828577915295	1.85718040987056
-2.03264430947807	0.602304963742615
-0.843546543257964	1.22165899538129
-0.118923013244402	2.94993551061841
-1.27193718164486	0.679839051171069
-2.08544732099373	2.05423914458462
-1.99887524785297	1.23078591804781
-0.283812357925372	3.05818679250473
-0.626982455834743	1.74174531972869
-1.08536491635893	0.644227421779945
-0.228070863498458	-0.120747995051674
0.250265719244003	1.51663243273619
-2.96351027227927	-0.487690837769974
-0.219120102575328	-0.691545998862603
-0.676519910087329	2.02493559409085
0.164924600479507	-0.235904209345601
-1.83785058368080	0.616579782025395
-0.0475297217859203	1.93980409941107
1.47577840912106	-0.669726257413294
-0.891731653303820	-0.972507577277348
-0.693968957501642	1.12474847818327
0.507823724263536	1.43895504456631
-0.419716864388665	-0.550725633333067
-1.61856401113155	0.743408378344991
-1.23359154831344	2.25344473161430
-0.485796159143190	0.335484299421534
-2.22330613795523	0.0166816935993477
-2.07244040763366	1.74253071951214
-0.469369843690767	1.18770910945784
-1.04785080129607	0.827813338651035
-2.29604137372081	0.274861120457456
-2.21067789942049	2.56499612172472
-0.0786266925574105	-0.231855096913139
-1.67705909722085	-0.991168178536660
-1.25259908073638	0.679503568752669
-1.35020987297059	0.935805828541997
-1.48113491555015	0.264233168929896
-1.03683679589590	2.81158142695677
-0.729435216898735	1.43730518350126
-0.360489745151275	0.0725095837010825
-0.307326257347954	-0.840781526286936
0.0654090639957288	0.827864141765195
0.377422355817939	2.14326817716008
-0.728728135374951	0.818636399285609
-3.12908917779272	2.01234540209374
-2.06142148427889	0.943102480311420
-0.0883567887725847	0.440566647535653
-0.0969781446706980	0.672438236051806
-2.58780667980060	0.978515840440370
-0.604733749972432	0.514002838993835
0.220103068636272	1.64440243673154
-1.70671639564992	2.20077881918737
0.242289583849969	1.49703645067466
-1.35053085669653	-0.0398240797881775
-3.45395656473734	1.44929518948992
0.118320196512916	0.659078126788014
-0.965553566721599	0.773563695900163
-1.62106724890754	-0.878576754473265
-1.49374860025420	1.61400104757532
-1.20090366313544	1.23522136177486
-2.86019367354782	1.97880219129219
-0.114599178218426	1.49531754603016
-0.903773423312012	0.0268154601161409
-0.380648614895216	1.30622088287910
-0.450326071616331	1.96487615535316
-0.332470468063806	0.518685500264208
-2.54901687025315	0.700935097412608
-1.17764032864263	-1.21807053580744
-0.883951645091494	-0.217893393374152
-0.626992578875733	1.67196326200923
1.34381773932572	3.46540371980095
-0.691282606786118	0.181825612858823
-1.62769454430228	1.97093106332790
-1.00556006412765	2.70713282023081
-0.00111653532870704	1.92330716671868
-0.323605146902708	0.506871085860068
-0.967542696879214	2.00703085310085
-0.866726075301859	0.0269071704706271
-1.01731587211170	1.54083961025532
-1.44173567401218	0.226753851492981
-2.17313471959186	-0.654599057606874
-1.06256073520185	0.962408954578781
-1.22656132659789	0.744023914504226
-1.35888220087548	0.659462030420336
-2.02408235813637	1.38073266310790
-1.61309460661722	1.32570463585466
-1.08222241553475	0.307649873248063
1.95835800790441	1.15435592720036
-0.0356994724767329	-0.295112624974690
-0.0313058065222641	1.97155776336413
-0.904525085244784	-0.793346160309199
-0.923037875748958	-0.142125369141713
-1.09538237723116	-0.0777846354727065
-1.53974592964080	0.768656466792191
-2.41545134473272	1.10552275133874
0.122525475565004	1.43129631223699
-1.46386553601456	2.02673658106548
-2.29710079434299	1.24909027969847
-0.984487008440486	-0.678689928012571
-0.904070985452615	0.598619867946398
-1.95863834191903	1.52645028725777
-0.751168699906883	3.44268908183836
-2.89860757783431	0.781945554524765
-1.75327297802141	1.17654797654527
-0.702783764780934	0.948803191267104
0.102971141959944	2.09165606192426
-1.08199683135610	1.72903157692248
0.524762665217529	1.16438561459118
-1.11088654805897	0.910153381059148
-1.60946990734557	1.96981386750956
-0.656015842031548	-1.38298780326382
-1.02833339692408	2.55922549991892
-0.455585664961829	2.03435533323291
-2.12859886352805	1.54243167799812
-1.15979458935681	1.56480921381640
-1.53480178314924	1.88400388812278
-1.20686984252543	2.56571912043301
-2.15771597389184	3.36394931059766
-0.729669229914859	1.35451628294503
-1.04419408272438	1.86185740459281
-0.858255683159930	1.02835782076760
-2.26499820762681	-0.357954548998254
-1.27042767456277	1.58857902718500
-1.56495497460439	1.67868314205492
0.850302030306100	0.0979105643858469
-0.198390819555330	0.718478120829408
0.00931506874449561	-1.39784345596701
-1.29464564650261	0.572454200265226
-0.433930587611534	1.70800000239915
-0.888772035705735	0.685689442980989
-2.00751968611869	1.19990149289134
0.309032247848791	3.32938903465698
-1.57558310762979	2.67189466996375
-3.13169527467761	-0.333505531375125
-1.54277095024100	0.270171699512788
-0.976345351121960	2.23981332434335
-1.02535573647422	1.30448408366877
-2.68223520336743	0.990088198048019
-1.03275838373362	0.385807551116657
-0.0333471767337478	1.31136963163226
-1.77321083509178	2.45705021872577
-1.14511591670930	-0.0441236730396672
-0.763089978961912	1.16599452072677
-3.38821303548510	2.62982330149073
1.48656799320536	-0.679196356542060
-0.658238765374728	0.437453524270299
-0.957037758737571	0.868309108521204
-0.858801707520094	1.35777906631414
-0.332094846476060	2.08136749478324
-1.78377079355202	0.691944398935651
-1.91125060121989	0.635466615623763
-1.23528462948861	0.747534652256713
-0.640746071979658	0.738880763396462
-2.53441677890572	1.66703223467310
-0.0218355350495956	1.52275763398709
-1.47269909535029	1.40045498940350
-1.93779365053592	1.18566690061450
-1.84542933781956	0.925018167155864
0.422055672636488	0.990299144992787
-1.47766085384531	0.234187086535566
-0.512872865226331	-1.61273546219382
-2.46578070840819	-0.795111824280787
-1.68074966000998	0.763231383157375
-0.819812875734771	0.951650198210492
-0.736684971693891	2.49509063086973
0.601601782908785	0.479507322344919
-2.47342694349295	0.584220761902539
0.152606620792214	1.56896536586735
-1.36153084058137	2.14901028039171
-1.89187649129977	0.0924867154625804
